3
69
491
573
581
611
794
969
1009
1023
1024
1031
1035
1089
1097
1265
1567
2025
2340
2367
2368
2396
2567
2591
2614
2632
2747
3102
3117
3519
3520
3526
3693
3748
4111
4124
4144
4164
4383
4461
4940
4981
5216
5352
5369
5397
5422
5440
5543
5547
5605
5626
5746
5813
5885
5936
5939
5974
6011
6013
6022
6024
6116
6215
6223
6322
6400
6404
6437
6488
6551
6560
6650
6771
6819
6827
6829
6855
6918
6937
6953
6959
7065
7073
7086
7277
7289
7300
7346
7436
7480
7481
7537
7605
7673
7693
7765
7787
7808
7840
7848
7859
7886
8100
8182
8184
8205
8210
8218
8224
8227
8231
8237
8541
8585
8630
8641
8669
8887
8889
8909
9136
9454
9481
9568
9742
9760
9792
10256
10336
