5
193
287
298
443
447
448
449
450
451
453
456
457
458
459
460
462
463
464
465
466
467
468
469
470
471
478
479
480
481
483
484
485
486
492
519
566
572
573
574
597
601
623
784
791
825
955
987
992
993
1003
1004
1005
1012
1017
1019
1022
1023
1024
1025
1240
1242
1244
1246
1257
1263
1323
1325
1329
1371
1380
1381
1382
1383
1384
1385
1386
1403
1404
1406
1407
1408
1409
1479
1483
1504
1505
1529
1567
1568
1579
1581
1582
1583
1584
1585
1586
1587
1591
1600
1601
1606
1607
1763
1764
1908
1976
2024
2025
2027
2038
2051
2056
2075
2189
2335
2375
2407
2433
2447
2510
2616
2743
2744
2745
2746
2747
2748
2749
2750
2751
2752
2753
2754
2755
2756
2757
2760
2761
2763
2764
2765
2766
2767
2769
2770
2773
2774
2775
2776
2777
2778
2779
2780
2781
2782
2783
2784
2785
2786
2787
2788
2789
2790
2791
2841
2842
2843
2849
3019
3270
3281
3456
3457
3458
3460
3461
3462
3463
3474
3475
3476
3487
3488
3489
3491
3492
3493
3496
3497
3499
3514
3515
3516
3517
3518
3519
3520
3521
3522
3523
3524
3525
3526
3589
3595
3641
3674
3675
3676
3677
3678
3679
3680
3681
3682
3683
3684
3685
3686
3687
3688
3689
3693
3697
3703
3710
3711
3712
3713
3714
3715
3722
3751
3755
3756
3757
3758
3759
3760
3761
3762
3763
3764
3765
3766
3767
3768
3769
3770
3771
3885
3894
3905
3914
3915
3916
3917
3918
4002
4025
4036
4207
4208
4209
4386
4498
4507
4533
4535
4672
4675
4676
4677
4703
4752
4753
4754
4755
4756
4757
4758
4759
4760
4762
4763
4764
4765
4766
4767
4769
4770
4776
4777
4779
4781
4783
4784
4785
4786
4787
4788
4789
4790
4791
4792
4793
4794
4795
4796
4798
4799
4800
4891
4892
4895
4897
4941
4980
5075
5093
5104
5109
5205
5220
5296
5319
5340
5343
5349
5440
5455
5469
5475
5610
5642
5661
5683
5685
5689
5690
5691
5692
5693
5694
5696
5697
5701
5740
6000
6001
6004
6016
6075
6224
6230
6292
6400
6406
6409
6522
6551
6560
6647
6669
6676
6696
6791
6834
6848
6932
7036
7082
7262
7285
7367
7442
7469
7480
7481
7558
7576
7577
7615
7617
7624
7630
7651
7657
7659
7710
7715
7747
7748
7769
7797
7807
7808
7809
7828
7832
7834
7835
7838
7840
7843
7846
7848
7849
7850
7968
7984
7993
8064
8082
8107
8244
8307
8320
8328
8333
8334
8461
8532
8577
8585
8670
8789
8803
8821
8838
8840
8844
8850
8851
8915
8939
8976
9043
9049
9223
9345
9458
9459
9467
9500
9504
9543
9573
9576
9602
9605
9606
9610
9611
9612
9613
9614
9616
9617
9618
9619
9620
9621
9624
9625
9626
9627
9628
9637
9638
9639
9641
9643
9644
9649
9757
9765
9942
9995
10240
10241
10242
10246
10247
10249
10429
